20 20
3 2 5 4 6 1 3 2 5 4 6 1 3 2 5 4 6 1 3 2
1 0 1 0 1 0 1 0 1 0 1 0 1 0 1 0 1 0 1 0
0 1 0 1 0 1 0 1 0 1 0 1 0 1 0 1 0 1 0 1
1 1 0 0 1 1 0 0 1 1 0 0 1 1 0 0 1 1 0 0
0 0 1 1 0 0 1 1 0 0 1 1 0 0 1 1 0 0 1 1
1 0 0 1 1 0 0 1 1 0 0 1 1 0 0 1 1 0 0 1
0 1 1 0 0 1 1 0 0 1 1 0 0 1 1 0 0 1 1 0
1 0 1 0 1 0 1 0 1 0 1 0 1 0 1 0 1 0 1 0
0 1 0 1 0 1 0 1 0 1 0 1 0 1 0 1 0 1 0 1
1 1 1 1 0 0 0 0 1 1 1 1 0 0 0 0 1 1 1 1
0 0 0 0 1 1 1 1 0 0 0 0 1 1 1 1 0 0 0 0
1 1 0 0 1 1 0 0 1 1 0 0 1 1 0 0 1 1 0 0
0 0 1 1 0 0 1 1 0 0 1 1 0 0 1 1 0 0 1 1
1 0 0 1 0 0 1 0 0 1 0 0 1 0 0 1 0 0 1 0
0 1 1 0 1 1 0 1 1 0 1 0 1 1 0 1 1 0 1 1
1 1 1 0 0 0 1 1 1 0 0 0 1 1 1 0 0 0 1 1
0 0 0 1 1 1 0 0 0 1 1 1 0 0 0 1 1 1 0 0
1 0 1 1 0 1 1 0 1 0 1 1 0 1 1 0 1 0 1 1
0 1 0 0 1 0 0 1 0 1 0 0 1 0 0 1 0 1 0 0
1 0 0 1 1 1 1 0 0 1 1 1 1 0 0 1 1 1 1 0
0 1 1 0 0 0 0 1 1 0 0 0 0 1 1 0 0 0 0 1
3
2 5 15
1 2 5 10
0
3
1 10
1 4
2
5 20
2 3 7
4
3 8 16 30
1 2 4 8 16
0
5
2
7 25
2 6 12
3
5 15 30
1 3 6 12
1
20
2 5
2
10 40
1 2 5
5
5 10 20 30 40
1 2 3 5 8 13
0
4
1 15
3 6
2
8 25
2 4 8
3
5 12 25
1 3 7 15
0
2
1
30
5 10
2
10 35
2 5 9
4
4 10 20 50
1 2 4 8 16
3
6 18 36
2 4 8 16
