1
30 30
93456 0 50000
54872 20000 90000
12345 30000 80000
67890 50000 160000
11111 80000 130000
22222 120000 200000
33333 150000 220000
44444 180000 250000
55555 210000 300000
66666 240000 290000
77777 280000 360000
88888 330000 400000
99999 380000 450000
10101 430000 480000
20202 480000 550000
30303 530000 610000
40404 580000 650000
50505 630000 700000
60606 680000 760000
70707 730000 800000
80808 780000 850000
90909 830000 900000
12321 880000 950000
23432 930000 1000000
34543 980000 1050000
45654 1030000 1100000
56765 1080000 1150000
67876 1130000 1200000
78987 1180000 1250000
89098 1230000 1300000
10000
20000
30000
40000
50000
60000
70000
80000
90000
100000
11000
22000
33000
44000
55000
66000
77000
88000
99000
15000
25000
35000
45000
55000
65000
75000
85000
95000
12345
67890
