9 60
857 414 879 645 558 284 254 900 651
36 997 455 486 589 66 321 277 304
487 79 936 910 166 169 850 55 762
107 690 734 561 302 53 548 847 697
479 117 205 617 937 651 452 654 981
854 984 287 540 346 685 382 820 405
711 116 226 249 476 454 482 119 664
556 227 475 485 290 925 140 287 6
21 550 775 907 235 200 774 175 851
831 253 411 437 596 672 377 711 842
267 55 282 79 88 180 914 600 462
715 226 593 141 646 986 954 440 407
796 276 447 182 647 438 139 632 862
710 488 950 292 111 355 12 463 958
575 302 362 647 115 77 519 962 96
444 336 599 99 740 924 104 166 406
163 811 374 211 141 82 119 32 351
760 348 555 48 574 772 919 282 947
741 989 27 561 597 756 704 426 183
756 952 114 40 8 428 348 37 616
409 522 984 491 365 559 245 260 614
976 527 278 342 185 808 443 604 359
543 385 173 549 329 68 172 235 29
619 504 517 153 600 472 680 230 345
658 871 567 569 167 51 350 996 521
192 882 290 190 728 365 212 711 15
379 284 935 63 206 419 585 81 311
172 421 527 493 62 229 795 667 810
325 740 768 881 947 117 472 975 707
158 274 340 965 118 418 891 273 760
872 774 232 692 604 733 662 544 44
687 306 479 797 998 507 289 461 411
473 878 299 441 724 681 904 541 982
832 768 548 399 15 555 138 846 416
550 727 262 977 305 376 258 278 612
234 61 872 277 763 778 580 257 386
109 800 104 768 24 777 646 246 413
527 286 757 658 928 163 464 592 599
569 824 237 87 652 130 286 771 582
278 487 834 794 691 984 574 282 791
839 420 929 804 494 796 720 606 114
514 741 782 869 889 151 945 875 138
174 338 863 994 337 179 809 753 217
472 354 479 755 998 47 130 955 547
158 208 369 703 927 823 372 157 737
481 232 479 854 807 130 859 140 24
896 966 787 469 496 179 843 7 7
226 453 963 985 147 515 399 405 374
652 636 670 455 988 56 703 82 961
159 200 600 233 900 703 807 22 358
64 634 215 341 143 306 732 988 750
245 896 585 308 492 806 393 211 135
446 798 642 867 525 954 836 1 516
618 879 46 462 902 129 876 909 639
242 510 493 524 311 143 256 919 716
884 548 56 874 674 16 289 137 327
812 754 85 664 577 322 148 247 618
289 748 137 44 479 757 107 919 953
272 433 453 121 602 882 68 520 48
896 368 865 691 699 804 889 196 779